2023/03/17-21:45:12.378990 7f83f96ec700 RocksDB version: 5.18.4
2023/03/17-21:45:12.379032 7f83f96ec700 Git sha rocksdb_build_git_sha:
2023/03/17-21:45:12.379035 7f83f96ec700 Compile date Mar 11 2020
2023/03/17-21:45:12.379038 7f83f96ec700 DB SUMMARY
2023/03/17-21:45:12.379060 7f83f96ec700 CURRENT file:  CURRENT
2023/03/17-21:45:12.379062 7f83f96ec700 IDENTITY file:  IDENTITY
2023/03/17-21:45:12.379067 7f83f96ec700 MANIFEST file:  MANIFEST-000001 size: 13 Bytes
2023/03/17-21:45:12.379069 7f83f96ec700 SST files in /home/cent/kafka-streams-practice_my/states/QuantityAlertsAppDSL/1_0/KSTREAM-AGGREGATE-STATE-STORE-0000000002/KSTREAM-AGGREGATE-STATE-STORE-0000000002.1679054400000 dir, Total Num: 0, files: 
2023/03/17-21:45:12.379072 7f83f96ec700 Write Ahead Log file in /home/cent/kafka-streams-practice_my/states/QuantityAlertsAppDSL/1_0/KSTREAM-AGGREGATE-STATE-STORE-0000000002/KSTREAM-AGGREGATE-STATE-STORE-0000000002.1679054400000: 000003.log size: 0 ; 
2023/03/17-21:45:12.379074 7f83f96ec700                         Options.error_if_exists: 0
2023/03/17-21:45:12.379076 7f83f96ec700                       Options.create_if_missing: 1
2023/03/17-21:45:12.379078 7f83f96ec700                         Options.paranoid_checks: 1
2023/03/17-21:45:12.379080 7f83f96ec700                                     Options.env: 0x7f83e5ab8fa0
2023/03/17-21:45:12.379081 7f83f96ec700                                Options.info_log: 0x7f83ac0e84b0
2023/03/17-21:45:12.379083 7f83f96ec700                Options.max_file_opening_threads: 16
2023/03/17-21:45:12.379085 7f83f96ec700                              Options.statistics: (nil)
2023/03/17-21:45:12.379087 7f83f96ec700                               Options.use_fsync: 0
2023/03/17-21:45:12.379088 7f83f96ec700                       Options.max_log_file_size: 0
2023/03/17-21:45:12.379090 7f83f96ec700                  Options.max_manifest_file_size: 1073741824
2023/03/17-21:45:12.379092 7f83f96ec700                   Options.log_file_time_to_roll: 0
2023/03/17-21:45:12.379093 7f83f96ec700                       Options.keep_log_file_num: 1000
2023/03/17-21:45:12.379095 7f83f96ec700                    Options.recycle_log_file_num: 0
2023/03/17-21:45:12.379097 7f83f96ec700                         Options.allow_fallocate: 1
2023/03/17-21:45:12.379098 7f83f96ec700                        Options.allow_mmap_reads: 0
2023/03/17-21:45:12.379100 7f83f96ec700                       Options.allow_mmap_writes: 0
2023/03/17-21:45:12.379102 7f83f96ec700                        Options.use_direct_reads: 0
2023/03/17-21:45:12.379103 7f83f96ec700                        Options.use_direct_io_for_flush_and_compaction: 0
2023/03/17-21:45:12.379105 7f83f96ec700          Options.create_missing_column_families: 0
2023/03/17-21:45:12.379107 7f83f96ec700                              Options.db_log_dir: 
2023/03/17-21:45:12.379108 7f83f96ec700                                 Options.wal_dir: /home/cent/kafka-streams-practice_my/states/QuantityAlertsAppDSL/1_0/KSTREAM-AGGREGATE-STATE-STORE-0000000002/KSTREAM-AGGREGATE-STATE-STORE-0000000002.1679054400000
2023/03/17-21:45:12.379110 7f83f96ec700                Options.table_cache_numshardbits: 6
2023/03/17-21:45:12.379112 7f83f96ec700                      Options.max_subcompactions: 1
2023/03/17-21:45:12.379114 7f83f96ec700                  Options.max_background_flushes: -1
2023/03/17-21:45:12.379115 7f83f96ec700                         Options.WAL_ttl_seconds: 0
2023/03/17-21:45:12.379117 7f83f96ec700                       Options.WAL_size_limit_MB: 0
2023/03/17-21:45:12.379119 7f83f96ec700             Options.manifest_preallocation_size: 4194304
2023/03/17-21:45:12.379121 7f83f96ec700                     Options.is_fd_close_on_exec: 1
2023/03/17-21:45:12.379122 7f83f96ec700                   Options.advise_random_on_open: 1
2023/03/17-21:45:12.379124 7f83f96ec700                    Options.db_write_buffer_size: 0
2023/03/17-21:45:12.379126 7f83f96ec700                    Options.write_buffer_manager: 0x7f83ac0f3760
2023/03/17-21:45:12.379127 7f83f96ec700         Options.access_hint_on_compaction_start: 1
2023/03/17-21:45:12.379129 7f83f96ec700  Options.new_table_reader_for_compaction_inputs: 0
2023/03/17-21:45:12.379136 7f83f96ec700           Options.random_access_max_buffer_size: 1048576
2023/03/17-21:45:12.379138 7f83f96ec700                      Options.use_adaptive_mutex: 0
2023/03/17-21:45:12.379140 7f83f96ec700                            Options.rate_limiter: (nil)
2023/03/17-21:45:12.379142 7f83f96ec700     Options.sst_file_manager.rate_bytes_per_sec: 0
2023/03/17-21:45:12.379144 7f83f96ec700                       Options.wal_recovery_mode: 2
2023/03/17-21:45:12.379145 7f83f96ec700                  Options.enable_thread_tracking: 0
2023/03/17-21:45:12.379147 7f83f96ec700                  Options.enable_pipelined_write: 0
2023/03/17-21:45:12.379149 7f83f96ec700         Options.allow_concurrent_memtable_write: 1
2023/03/17-21:45:12.379151 7f83f96ec700      Options.enable_write_thread_adaptive_yield: 1
2023/03/17-21:45:12.379152 7f83f96ec700             Options.write_thread_max_yield_usec: 100
2023/03/17-21:45:12.379154 7f83f96ec700            Options.write_thread_slow_yield_usec: 3
2023/03/17-21:45:12.379156 7f83f96ec700                               Options.row_cache: None
2023/03/17-21:45:12.379157 7f83f96ec700                              Options.wal_filter: None
2023/03/17-21:45:12.379159 7f83f96ec700             Options.avoid_flush_during_recovery: 0
2023/03/17-21:45:12.379161 7f83f96ec700             Options.allow_ingest_behind: 0
2023/03/17-21:45:12.379163 7f83f96ec700             Options.preserve_deletes: 0
2023/03/17-21:45:12.379167 7f83f96ec700             Options.two_write_queues: 0
2023/03/17-21:45:12.379169 7f83f96ec700             Options.manual_wal_flush: 0
2023/03/17-21:45:12.379170 7f83f96ec700             Options.max_background_jobs: 4
2023/03/17-21:45:12.379172 7f83f96ec700             Options.max_background_compactions: -1
2023/03/17-21:45:12.379174 7f83f96ec700             Options.avoid_flush_during_shutdown: 0
2023/03/17-21:45:12.379176 7f83f96ec700           Options.writable_file_max_buffer_size: 1048576
2023/03/17-21:45:12.379177 7f83f96ec700             Options.delayed_write_rate : 16777216
2023/03/17-21:45:12.379179 7f83f96ec700             Options.max_total_wal_size: 0
2023/03/17-21:45:12.379181 7f83f96ec700             Options.delete_obsolete_files_period_micros: 21600000000
2023/03/17-21:45:12.379183 7f83f96ec700                   Options.stats_dump_period_sec: 600
2023/03/17-21:45:12.379184 7f83f96ec700                          Options.max_open_files: -1
2023/03/17-21:45:12.379186 7f83f96ec700                          Options.bytes_per_sync: 0
2023/03/17-21:45:12.379188 7f83f96ec700                      Options.wal_bytes_per_sync: 0
2023/03/17-21:45:12.379189 7f83f96ec700       Options.compaction_readahead_size: 0
2023/03/17-21:45:12.379191 7f83f96ec700 Compression algorithms supported:
2023/03/17-21:45:12.379193 7f83f96ec700 	kZSTDNotFinalCompression supported: 1
2023/03/17-21:45:12.379195 7f83f96ec700 	kZSTD supported: 1
2023/03/17-21:45:12.379199 7f83f96ec700 	kXpressCompression supported: 0
2023/03/17-21:45:12.379201 7f83f96ec700 	kLZ4HCCompression supported: 1
2023/03/17-21:45:12.379202 7f83f96ec700 	kLZ4Compression supported: 1
2023/03/17-21:45:12.379204 7f83f96ec700 	kBZip2Compression supported: 1
2023/03/17-21:45:12.379206 7f83f96ec700 	kZlibCompression supported: 1
2023/03/17-21:45:12.379208 7f83f96ec700 	kSnappyCompression supported: 1
2023/03/17-21:45:12.379211 7f83f96ec700 Fast CRC32 supported: Not supported on x86
2023/03/17-21:45:12.379638 7f83f96ec700               Options.comparator: leveldb.BytewiseComparator
2023/03/17-21:45:12.379642 7f83f96ec700           Options.merge_operator: None
2023/03/17-21:45:12.379644 7f83f96ec700        Options.compaction_filter: None
2023/03/17-21:45:12.379645 7f83f96ec700        Options.compaction_filter_factory: None
2023/03/17-21:45:12.379647 7f83f96ec700         Options.memtable_factory: SkipListFactory
2023/03/17-21:45:12.379649 7f83f96ec700            Options.table_factory: BlockBasedTable
2023/03/17-21:45:12.379676 7f83f96ec700            table_factory options:   flush_block_policy_factory: FlushBlockBySizePolicyFactory (0x7f83ac0d4e50)
  cache_index_and_filter_blocks: 0
  cache_index_and_filter_blocks_with_high_priority: 0
  pin_l0_filter_and_index_blocks_in_cache: 0
  pin_top_level_index_and_filter: 1
  index_type: 0
  hash_index_allow_collision: 1
  checksum: 1
  no_block_cache: 0
  block_cache: 0x7f83ac0cddf0
  block_cache_name: LRUCache
  block_cache_options:
    capacity : 52428800
    num_shard_bits : 6
    strict_capacity_limit : 0
    memory_allocator : None
    high_pri_pool_ratio: 0.000
  block_cache_compressed: (nil)
  persistent_cache: (nil)
  block_size: 4096
  block_size_deviation: 10
  block_restart_interval: 16
  index_block_restart_interval: 1
  metadata_block_size: 4096
  partition_filters: 0
  use_delta_encoding: 1
  filter_policy: rocksdb.BuiltinBloomFilter
  whole_key_filtering: 1
  verify_compression: 0
  read_amp_bytes_per_bit: 0
  format_version: 0
  enable_index_compression: 1
  block_align: 0
2023/03/17-21:45:12.379687 7f83f96ec700        Options.write_buffer_size: 16777216
2023/03/17-21:45:12.379690 7f83f96ec700  Options.max_write_buffer_number: 3
2023/03/17-21:45:12.379692 7f83f96ec700          Options.compression: NoCompression
2023/03/17-21:45:12.379694 7f83f96ec700                  Options.bottommost_compression: Disabled
2023/03/17-21:45:12.379696 7f83f96ec700       Options.prefix_extractor: nullptr
2023/03/17-21:45:12.379697 7f83f96ec700   Options.memtable_insert_with_hint_prefix_extractor: nullptr
2023/03/17-21:45:12.379699 7f83f96ec700             Options.num_levels: 7
2023/03/17-21:45:12.379715 7f83f96ec700        Options.min_write_buffer_number_to_merge: 1
2023/03/17-21:45:12.379717 7f83f96ec700     Options.max_write_buffer_number_to_maintain: 0
2023/03/17-21:45:12.379719 7f83f96ec700            Options.bottommost_compression_opts.window_bits: -14
2023/03/17-21:45:12.379721 7f83f96ec700                  Options.bottommost_compression_opts.level: 32767
2023/03/17-21:45:12.379723 7f83f96ec700               Options.bottommost_compression_opts.strategy: 0
2023/03/17-21:45:12.379724 7f83f96ec700         Options.bottommost_compression_opts.max_dict_bytes: 0
2023/03/17-21:45:12.379726 7f83f96ec700         Options.bottommost_compression_opts.zstd_max_train_bytes: 0
2023/03/17-21:45:12.379728 7f83f96ec700                  Options.bottommost_compression_opts.enabled: false
2023/03/17-21:45:12.379730 7f83f96ec700            Options.compression_opts.window_bits: -14
2023/03/17-21:45:12.379731 7f83f96ec700                  Options.compression_opts.level: 32767
2023/03/17-21:45:12.379733 7f83f96ec700               Options.compression_opts.strategy: 0
2023/03/17-21:45:12.379735 7f83f96ec700         Options.compression_opts.max_dict_bytes: 0
2023/03/17-21:45:12.379736 7f83f96ec700         Options.compression_opts.zstd_max_train_bytes: 0
2023/03/17-21:45:12.379738 7f83f96ec700                  Options.compression_opts.enabled: false
2023/03/17-21:45:12.379740 7f83f96ec700      Options.level0_file_num_compaction_trigger: 4
2023/03/17-21:45:12.379742 7f83f96ec700          Options.level0_slowdown_writes_trigger: 20
2023/03/17-21:45:12.379743 7f83f96ec700              Options.level0_stop_writes_trigger: 36
2023/03/17-21:45:12.379745 7f83f96ec700                   Options.target_file_size_base: 67108864
2023/03/17-21:45:12.379747 7f83f96ec700             Options.target_file_size_multiplier: 1
2023/03/17-21:45:12.379748 7f83f96ec700                Options.max_bytes_for_level_base: 268435456
2023/03/17-21:45:12.379750 7f83f96ec700 Options.level_compaction_dynamic_level_bytes: 0
2023/03/17-21:45:12.379752 7f83f96ec700          Options.max_bytes_for_level_multiplier: 10.000000
2023/03/17-21:45:12.379755 7f83f96ec700 Options.max_bytes_for_level_multiplier_addtl[0]: 1
2023/03/17-21:45:12.379756 7f83f96ec700 Options.max_bytes_for_level_multiplier_addtl[1]: 1
2023/03/17-21:45:12.379758 7f83f96ec700 Options.max_bytes_for_level_multiplier_addtl[2]: 1
2023/03/17-21:45:12.379760 7f83f96ec700 Options.max_bytes_for_level_multiplier_addtl[3]: 1
2023/03/17-21:45:12.379762 7f83f96ec700 Options.max_bytes_for_level_multiplier_addtl[4]: 1
2023/03/17-21:45:12.379771 7f83f96ec700 Options.max_bytes_for_level_multiplier_addtl[5]: 1
2023/03/17-21:45:12.379773 7f83f96ec700 Options.max_bytes_for_level_multiplier_addtl[6]: 1
2023/03/17-21:45:12.379774 7f83f96ec700       Options.max_sequential_skip_in_iterations: 8
2023/03/17-21:45:12.379776 7f83f96ec700                    Options.max_compaction_bytes: 1677721600
2023/03/17-21:45:12.379778 7f83f96ec700                        Options.arena_block_size: 2097152
2023/03/17-21:45:12.379780 7f83f96ec700   Options.soft_pending_compaction_bytes_limit: 68719476736
2023/03/17-21:45:12.379781 7f83f96ec700   Options.hard_pending_compaction_bytes_limit: 274877906944
2023/03/17-21:45:12.379783 7f83f96ec700       Options.rate_limit_delay_max_milliseconds: 100
2023/03/17-21:45:12.379785 7f83f96ec700                Options.disable_auto_compactions: 0
2023/03/17-21:45:12.379787 7f83f96ec700                        Options.compaction_style: kCompactionStyleUniversal
2023/03/17-21:45:12.379789 7f83f96ec700                          Options.compaction_pri: kByCompensatedSize
2023/03/17-21:45:12.379791 7f83f96ec700 Options.compaction_options_universal.size_ratio: 1
2023/03/17-21:45:12.379792 7f83f96ec700 Options.compaction_options_universal.min_merge_width: 2
2023/03/17-21:45:12.379794 7f83f96ec700 Options.compaction_options_universal.max_merge_width: 4294967295
2023/03/17-21:45:12.379796 7f83f96ec700 Options.compaction_options_universal.max_size_amplification_percent: 200
2023/03/17-21:45:12.379797 7f83f96ec700 Options.compaction_options_universal.compression_size_percent: -1
2023/03/17-21:45:12.379799 7f83f96ec700 Options.compaction_options_universal.stop_style: kCompactionStopStyleTotalSize
2023/03/17-21:45:12.379801 7f83f96ec700 Options.compaction_options_fifo.max_table_files_size: 1073741824
2023/03/17-21:45:12.379803 7f83f96ec700 Options.compaction_options_fifo.allow_compaction: 0
2023/03/17-21:45:12.379805 7f83f96ec700 Options.compaction_options_fifo.ttl: 0
2023/03/17-21:45:12.379806 7f83f96ec700                   Options.table_properties_collectors: 
2023/03/17-21:45:12.379808 7f83f96ec700                   Options.inplace_update_support: 0
2023/03/17-21:45:12.379810 7f83f96ec700                 Options.inplace_update_num_locks: 10000
2023/03/17-21:45:12.379811 7f83f96ec700               Options.memtable_prefix_bloom_size_ratio: 0.000000
2023/03/17-21:45:12.379813 7f83f96ec700   Options.memtable_huge_page_size: 0
2023/03/17-21:45:12.379815 7f83f96ec700                           Options.bloom_locality: 0
2023/03/17-21:45:12.379817 7f83f96ec700                    Options.max_successive_merges: 0
2023/03/17-21:45:12.379819 7f83f96ec700                Options.optimize_filters_for_hits: 0
2023/03/17-21:45:12.379820 7f83f96ec700                Options.paranoid_file_checks: 0
2023/03/17-21:45:12.379822 7f83f96ec700                Options.force_consistency_checks: 0
2023/03/17-21:45:12.379824 7f83f96ec700                Options.report_bg_io_stats: 0
2023/03/17-21:45:12.379825 7f83f96ec700                               Options.ttl: 0
2023/03/17-21:45:12.408497 7f83f96ec700               Options.comparator: leveldb.BytewiseComparator
2023/03/17-21:45:12.408506 7f83f96ec700           Options.merge_operator: None
2023/03/17-21:45:12.408508 7f83f96ec700        Options.compaction_filter: None
2023/03/17-21:45:12.408510 7f83f96ec700        Options.compaction_filter_factory: None
2023/03/17-21:45:12.408512 7f83f96ec700         Options.memtable_factory: SkipListFactory
2023/03/17-21:45:12.408514 7f83f96ec700            Options.table_factory: BlockBasedTable
2023/03/17-21:45:12.408562 7f83f96ec700            table_factory options:   flush_block_policy_factory: FlushBlockBySizePolicyFactory (0x7f83ac0d4e50)
  cache_index_and_filter_blocks: 0
  cache_index_and_filter_blocks_with_high_priority: 0
  pin_l0_filter_and_index_blocks_in_cache: 0
  pin_top_level_index_and_filter: 1
  index_type: 0
  hash_index_allow_collision: 1
  checksum: 1
  no_block_cache: 0
  block_cache: 0x7f83ac0cddf0
  block_cache_name: LRUCache
  block_cache_options:
    capacity : 52428800
    num_shard_bits : 6
    strict_capacity_limit : 0
    memory_allocator : None
    high_pri_pool_ratio: 0.000
  block_cache_compressed: (nil)
  persistent_cache: (nil)
  block_size: 4096
  block_size_deviation: 10
  block_restart_interval: 16
  index_block_restart_interval: 1
  metadata_block_size: 4096
  partition_filters: 0
  use_delta_encoding: 1
  filter_policy: rocksdb.BuiltinBloomFilter
  whole_key_filtering: 1
  verify_compression: 0
  read_amp_bytes_per_bit: 0
  format_version: 0
  enable_index_compression: 1
  block_align: 0
2023/03/17-21:45:12.408566 7f83f96ec700        Options.write_buffer_size: 16777216
2023/03/17-21:45:12.408568 7f83f96ec700  Options.max_write_buffer_number: 3
2023/03/17-21:45:12.408571 7f83f96ec700          Options.compression: NoCompression
2023/03/17-21:45:12.408572 7f83f96ec700                  Options.bottommost_compression: Disabled
2023/03/17-21:45:12.408574 7f83f96ec700       Options.prefix_extractor: nullptr
2023/03/17-21:45:12.408576 7f83f96ec700   Options.memtable_insert_with_hint_prefix_extractor: nullptr
2023/03/17-21:45:12.408595 7f83f96ec700             Options.num_levels: 7
2023/03/17-21:45:12.408597 7f83f96ec700        Options.min_write_buffer_number_to_merge: 1
2023/03/17-21:45:12.408599 7f83f96ec700     Options.max_write_buffer_number_to_maintain: 0
2023/03/17-21:45:12.408601 7f83f96ec700            Options.bottommost_compression_opts.window_bits: -14
2023/03/17-21:45:12.408602 7f83f96ec700                  Options.bottommost_compression_opts.level: 32767
2023/03/17-21:45:12.408604 7f83f96ec700               Options.bottommost_compression_opts.strategy: 0
2023/03/17-21:45:12.408606 7f83f96ec700         Options.bottommost_compression_opts.max_dict_bytes: 0
2023/03/17-21:45:12.408608 7f83f96ec700         Options.bottommost_compression_opts.zstd_max_train_bytes: 0
2023/03/17-21:45:12.408609 7f83f96ec700                  Options.bottommost_compression_opts.enabled: false
2023/03/17-21:45:12.408611 7f83f96ec700            Options.compression_opts.window_bits: -14
2023/03/17-21:45:12.408613 7f83f96ec700                  Options.compression_opts.level: 32767
2023/03/17-21:45:12.408615 7f83f96ec700               Options.compression_opts.strategy: 0
2023/03/17-21:45:12.408616 7f83f96ec700         Options.compression_opts.max_dict_bytes: 0
2023/03/17-21:45:12.408618 7f83f96ec700         Options.compression_opts.zstd_max_train_bytes: 0
2023/03/17-21:45:12.408620 7f83f96ec700                  Options.compression_opts.enabled: false
2023/03/17-21:45:12.408621 7f83f96ec700      Options.level0_file_num_compaction_trigger: 4
2023/03/17-21:45:12.408623 7f83f96ec700          Options.level0_slowdown_writes_trigger: 20
2023/03/17-21:45:12.408625 7f83f96ec700              Options.level0_stop_writes_trigger: 36
2023/03/17-21:45:12.408627 7f83f96ec700                   Options.target_file_size_base: 67108864
2023/03/17-21:45:12.408628 7f83f96ec700             Options.target_file_size_multiplier: 1
2023/03/17-21:45:12.408630 7f83f96ec700                Options.max_bytes_for_level_base: 268435456
2023/03/17-21:45:12.408652 7f83f96ec700 Options.level_compaction_dynamic_level_bytes: 0
2023/03/17-21:45:12.408654 7f83f96ec700          Options.max_bytes_for_level_multiplier: 10.000000
2023/03/17-21:45:12.408657 7f83f96ec700 Options.max_bytes_for_level_multiplier_addtl[0]: 1
2023/03/17-21:45:12.408659 7f83f96ec700 Options.max_bytes_for_level_multiplier_addtl[1]: 1
2023/03/17-21:45:12.408661 7f83f96ec700 Options.max_bytes_for_level_multiplier_addtl[2]: 1
2023/03/17-21:45:12.408663 7f83f96ec700 Options.max_bytes_for_level_multiplier_addtl[3]: 1
2023/03/17-21:45:12.408665 7f83f96ec700 Options.max_bytes_for_level_multiplier_addtl[4]: 1
2023/03/17-21:45:12.408666 7f83f96ec700 Options.max_bytes_for_level_multiplier_addtl[5]: 1
2023/03/17-21:45:12.408668 7f83f96ec700 Options.max_bytes_for_level_multiplier_addtl[6]: 1
2023/03/17-21:45:12.408670 7f83f96ec700       Options.max_sequential_skip_in_iterations: 8
2023/03/17-21:45:12.408672 7f83f96ec700                    Options.max_compaction_bytes: 1677721600
2023/03/17-21:45:12.408674 7f83f96ec700                        Options.arena_block_size: 2097152
2023/03/17-21:45:12.408675 7f83f96ec700   Options.soft_pending_compaction_bytes_limit: 68719476736
2023/03/17-21:45:12.408677 7f83f96ec700   Options.hard_pending_compaction_bytes_limit: 274877906944
2023/03/17-21:45:12.408679 7f83f96ec700       Options.rate_limit_delay_max_milliseconds: 100
2023/03/17-21:45:12.408681 7f83f96ec700                Options.disable_auto_compactions: 0
2023/03/17-21:45:12.408683 7f83f96ec700                        Options.compaction_style: kCompactionStyleUniversal
2023/03/17-21:45:12.408685 7f83f96ec700                          Options.compaction_pri: kByCompensatedSize
2023/03/17-21:45:12.408687 7f83f96ec700 Options.compaction_options_universal.size_ratio: 1
2023/03/17-21:45:12.408689 7f83f96ec700 Options.compaction_options_universal.min_merge_width: 2
2023/03/17-21:45:12.408691 7f83f96ec700 Options.compaction_options_universal.max_merge_width: 4294967295
2023/03/17-21:45:12.408692 7f83f96ec700 Options.compaction_options_universal.max_size_amplification_percent: 200
2023/03/17-21:45:12.408694 7f83f96ec700 Options.compaction_options_universal.compression_size_percent: -1
2023/03/17-21:45:12.408696 7f83f96ec700 Options.compaction_options_universal.stop_style: kCompactionStopStyleTotalSize
2023/03/17-21:45:12.408698 7f83f96ec700 Options.compaction_options_fifo.max_table_files_size: 1073741824
2023/03/17-21:45:12.408700 7f83f96ec700 Options.compaction_options_fifo.allow_compaction: 0
2023/03/17-21:45:12.408702 7f83f96ec700 Options.compaction_options_fifo.ttl: 0
2023/03/17-21:45:12.408703 7f83f96ec700                   Options.table_properties_collectors: 
2023/03/17-21:45:12.408705 7f83f96ec700                   Options.inplace_update_support: 0
2023/03/17-21:45:12.408707 7f83f96ec700                 Options.inplace_update_num_locks: 10000
2023/03/17-21:45:12.408709 7f83f96ec700               Options.memtable_prefix_bloom_size_ratio: 0.000000
2023/03/17-21:45:12.408711 7f83f96ec700   Options.memtable_huge_page_size: 0
2023/03/17-21:45:12.408713 7f83f96ec700                           Options.bloom_locality: 0
2023/03/17-21:45:12.408714 7f83f96ec700                    Options.max_successive_merges: 0
2023/03/17-21:45:12.408716 7f83f96ec700                Options.optimize_filters_for_hits: 0
2023/03/17-21:45:12.408718 7f83f96ec700                Options.paranoid_file_checks: 0
2023/03/17-21:45:12.408719 7f83f96ec700                Options.force_consistency_checks: 0
2023/03/17-21:45:12.408721 7f83f96ec700                Options.report_bg_io_stats: 0
2023/03/17-21:45:12.408723 7f83f96ec700                               Options.ttl: 0
